,0,1,2,3,4,5,6,7,8,9,10,11,12,13,14,15,16,17,18,19,20,21,22,23,24,25,26,27,28,29,30,31,32,33,34,35,36,37,38,39,40,41,42,43,44,45,46,47,48,49,50,51,52,53,54,55,56,57,58,59,60,61,62,63,64,65,66,67,68,69,70,71,72,73,74,75,76,77,78,79,80,81,82,83,84,85,86,87,88,89,90,91,92,93,94,95,96,97,98,99
0,0.0,111249.11,368291.81,13083.78,13518.26,222406.38,30734.96,163729.15,561794.3,599203.85,219170.57,297121.57,434207.15,295160.84,293213.61,118474.38,336078.62,224001.54,525415.23,398110.67,72362.34,601672.09,63526.08,597432.66,184962.44,389199.81,246878.58,379647.96,12129.58,224852.12,181332.21,422640.89,88005.21,336202.14,101286.63,218971.34,478072.56,121260.95,123327.6,183343.99,286330.79,167112.69,150044.87,208222.07,177946.75,199761.84,209791.5,418127.7,175091.79,232256.17,128517.38,594659.02,212917.98,364725.16,215495.37,328355.76,107716.43,264481.13,582176.78,86566.66,434113.65,131190.2,333019.01,143019.74,97815.48,453663.06,366152.36,300588.31,214988.15,396642.14,145371.64,268623.53,321702.82,177422.07,85556.72,497111.66,289266.02,343532.18,304385.37,327426.97,161096.82,359372.37,181674.59,612499.03,317564.01,296244.13,457634.53,181215.77,205114.7,385744.98,58807.63,449356.88,162945.0,221322.29,306597.71,12197.61,228876.58,215971.79,203216.13,414721.29
1,111249.11,0.0,425691.64,88312.17,79441.13,108497.33,59783.77,98827.19,600023.09,553095.39,114107.28,359648.68,493501.35,446202.58,298608.78,181202.66,387123.64,109744.16,614514.96,447190.03,36487.03,550117.79,39999.58,550242.66,252102.72,438558.57,303345.74,428649.82,131966.97,118761.47,65159.53,484079.87,231452.03,413102.57,253756.45,107185.47,567347.02,8356.4,28512.77,216289.11,443473.15,53479.41,28097.69,251437.86,71120.75,101119.61,97342.81,477133.3,77280.08,122748.15,22135.59,546452.54,272520.2,358876.42,103828.83,456772.49,180211.08,343736.15,627411.54,32724.0,493386.73,9157.43,386358.39,15535.94,178051.76,508279.3,417178.23,355057.92,105361.75,571753.44,277645.74,319361.23,376806.37,66027.6,98610.26,553888.91,346666.3,395468.87,358688.04,381549.43,94490.89,411334.48,79402.3,671153.55,376369.11,350976.54,523590.98,75832.98,108840.36,481667.18,197147.73,448750.95,226430.38,112073.71,379672.0,91888.12,117629.59,112416.78,379128.71,466322.49
2,368291.81,425691.64,0.0,398284.59,405491.42,570087.2,403597.54,538907.13,218045.62,238842.37,573359.31,28859.91,57636.46,63617.61,231736.17,248706.52,16948.88,570880.15,201635.05,40864.32,359062.52,240995.09,348467.4,237623.93,148593.02,36124.96,77054.8,42624.85,341839.68,579843.35,523740.26,42786.39,238231.09,16843.15,232814.94,567068.55,170041.09,437750.4,461800.2,181319.3,215463.68,506881.05,481221.16,191105.59,527995.16,554792.33,556525.53,28871.13,528277.6,584786.5,464073.1,234840.41,112492.61,225232.51,563327.48,45653.53,253100.27,67367.73,204330.38,380048.72,56360.67,449617.16,20068.73,466957.16,255827.25,87000.3,23193.52,45292.03,564426.84,201999.3,143918.0,68081.66,17463.65,521450.8,502488.99,105284.41,48754.39,21003.85,43653.1,17446.34,535942.47,18551.58,531712.16,212184.49,26824.65,45952.22,101147.24,529377.52,561281.79,56544.91,258055.18,178124.04,173586.12,573478.5,31557.78,391157.76,578419.91,571501.11,124417.33,28177.77
3,13083.78,88312.17,398284.59,0.0,12449.72,189825.51,15166.89,137720.91,593453.18,628687.7,185767.45,331881.32,465059.7,348867.62,302698.74,138823.93,364046.95,191685.44,568240.37,426526.42,59008.6,631342.41,51744.6,626966.67,221255.53,417365.49,278399.44,407313.77,26944.09,192039.27,149924.62,452809.53,115994.49,379857.69,132755.02,186671.73,517554.25,98099.29,94838.04,205652.24,323231.44,136538.07,121407.9,220860.68,144929.78,166781.45,177506.83,448250.95,142461.74,199212.56,100333.29,624441.43,245725.52,375577.94,183071.47,382540.76,128608.6,299879.77,610896.5,70734.84,464430.09,106968.09,362146.11,116758.66,120974.49,482621.92,394835.34,329468.39,182305.69,444919.79,189692.9,298664.44,350318.36,145969.62,76243.99,527547.37,317955.23,372015.0,333042.28,355786.72,134677.44,387953.36,149432.18,643239.35,348612.86,325362.62,488234.68,149295.38,172576.44,435514.83,84670.75,469512.73,201953.37,188514.03,340798.63,5406.89,196143.65,182692.13,247230.7,444202.56
4,13518.26,79441.13,405491.42,12449.72,0.0,179267.58,16204.1,133770.08,602505.08,636125.6,176150.93,335569.76,471838.98,336527.24,262078.47,134159.43,370677.29,181247.45,568775.99,432590.55,50835.07,639097.17,48510.06,634424.84,219295.83,423781.48,278145.72,413591.68,17825.61,183030.4,139414.64,460679.98,103474.26,380819.07,117058.16,176649.2,519985.95,87802.47,87068.43,192082.45,309194.55,126567.15,110936.45,181709.99,135051.68,157456.41,167498.02,456529.31,133010.21,189498.88,90637.61,632150.77,244594.59,336194.67,173087.87,372522.22,125163.93,296682.75,616574.74,48862.98,471617.74,95428.04,368891.31,105436.38,119709.86,488989.7,401171.44,336436.19,172589.46,428966.75,182400.29,301281.76,356700.63,135913.17,83976.52,535189.0,324810.18,378455.21,340167.49,362091.76,130246.32,394063.75,140225.72,651823.16,353653.7,331803.01,495310.66,139550.28,163753.84,430691.53,73704.63,431302.95,201045.46,179234.87,346265.25,11013.99,185823.64,173207.54,231833.02,451448.63
5,222406.38,108497.33,570087.2,189825.51,179267.58,0.0,171649.71,33428.57,726764.89,652768.42,4256.43,503853.33,637621.57,586395.39,417109.67,322326.17,531413.79,4428.17,755007.22,589585.06,160809.62,649418.14,161715.81,649811.89,395763.29,580956.72,447550.12,570686.83,248063.94,12315.21,21607.7,627358.15,345776.17,556871.79,369644.35,4781.79,705379.8,93123.55,78422.42,360514.95,562042.7,28807.6,39003.63,378114.46,36606.04,21177.29,3632.92,621303.07,39664.5,5897.95,74610.13,645681.17,417749.89,485468.41,4157.05,599372.72,322016.85,483391.49,772225.13,150872.94,636365.95,73005.52,530841.27,53485.99,319138.72,652508.16,562168.42,499458.64,3828.02,706354.19,413180.44,463622.51,520471.57,27073.63,102761.72,699401.5,489890.78,539883.96,502868.83,525320.68,40940.17,556137.34,24866.76,816654.25,519098.07,494946.41,664553.98,27698.48,9367.45,624207.73,311691.23,594486.57,372724.91,6250.62,521314.37,197954.01,2994.33,5517.05,509635.45,610054.2
6,30734.96,59783.77,403597.54,15166.89,16204.1,171649.71,0.0,120513.5,605158.93,635459.3,171936.52,337340.97,471220.02,389108.57,285659.05,144583.02,366679.43,173455.53,585145.36,428556.59,35691.99,638449.54,32645.16,633898.86,234392.74,419563.03,282557.64,410147.01,47166.05,178917.62,129112.12,460421.81,143085.92,389216.86,164523.95,169459.56,534151.11,67734.01,70193.07,199602.4,356069.55,114878.26,95104.22,213073.69,128590.87,153318.48,159407.44,455122.54,128224.52,184161.29,75399.44,631738.98,254661.99,359010.41,165734.56,419890.69,138724.54,309424.7,612178.24,37972.9,470180.83,75890.34,365963.49,86845.86,134701.52,487952.52,397447.55,333542.82,165676.74,487099.76,221017.13,299267.75,354642.84,126237.17,66662.02,534205.06,322954.06,375132.84,337106.01,359583.14,117451.37,391138.49,133282.84,650015.74,352460.22,329348.09,495550.75,131693.8,160856.44,457080.97,109590.0,455575.86,211653.94,173733.31,350302.87,17797.15,178990.57,169840.97,285985.78,448473.86
7,163729.15,98827.19,538907.13,137720.91,133770.08,33428.57,120513.5,0.0,701740.38,708942.74,22903.17,472220.08,606339.37,547798.99,399223.89,291186.48,502023.35,41533.42,717124.91,561595.98,146401.98,709166.27,148371.26,706826.4,367331.21,552531.85,418281.6,542122.43,195013.7,30264.18,29241.96,594610.88,290514.32,523727.23,299361.83,37231.77,665161.61,82655.12,63264.79,334830.29,507023.44,33530.32,43408.57,346732.04,18025.06,13571.95,33830.92,589240.38,15832.9,37721.15,60775.92,703693.11,389109.02,479156.74,35621.65,563930.24,289465.43,449967.82,746288.69,136092.55,605112.29,61579.3,500870.15,46285.0,286245.35,622394.54,533142.66,468818.42,32607.53,656721.26,374144.33,435365.7,489656.64,27795.55,48378.78,668295.07,458113.81,510297.37,472130.83,494943.43,4954.07,526767.86,18490.84,785011.2,488043.27,464374.44,630842.21,22012.56,17610.66,591594.53,259838.08,588545.19,345940.02,32837.03,485586.56,144119.05,39281.96,21747.76,458674.38,580861.65
8,561794.3,600023.09,218045.62,593453.18,602505.08,726764.89,605158.93,701740.38,0.0,59128.49,726826.55,279774.23,122798.49,173168.08,475829.43,456336.3,265004.49,727352.1,39584.71,213484.58,539789.2,66500.71,528240.6,68570.46,388645.01,220465.58,348395.68,225677.08,536338.23,730106.35,684972.54,142903.26,376365.42,218001.9,406738.03,722246.9,58291.46,611018.55,627073.62,432627.97,257359.93,669168.36,649867.17,400723.65,686065.47,709292.99,712996.71,155368.49,684075.0,736000.27,629723.71,59724.62,369886.61,438171.28,718180.57,160694.16,459447.74,271655.35,134227.24,560343.42,114359.53,622468.64,256125.7,639601.31,459597.12,154399.03,231190.37,286480.88,718350.77,148348.16,353367.35,332805.47,269907.75,681317.32,695743.63,108163.17,292568.29,257627.34,282053.68,267936.08,712200.66,240192.19,687745.76,54950.48,262176.09,291445.27,53603.95,686390.86,714110.82,138048.48,448625.43,330553.91,418417.41,724884.99,228819.55,585575.55,732948.84,724349.19,237763.15,181026.13
9,599203.85,553095.39,238842.37,628687.7,636125.6,652768.42,635459.3,708942.74,59128.49,0.0,706118.46,303779.39,168492.13,258055.14,478115.98,482997.87,273807.66,643594.96,125466.53,213658.04,479882.9,8866.27,440274.79,3260.6,411358.54,221181.29,362698.34,229072.9,574419.82,666774.37,592194.28,180608.36,506301.33,256666.87,493077.22,652865.67,165180.83,547031.27,545990.75,450640.47,380111.79,550926.33,547216.88,466721.2,605110.84,715685.07,624318.56,188619.28,577926.35,629105.48,523245.18,5458.45,391110.01,439911.63,617978.79,230628.8,489873.03,327904.84,106991.54,519300.19,171655.17,522989.14,275114.66,538794.12,490072.2,158118.76,245708.79,305869.76,623279.47,231607.56,409138.58,346796.47,284913.9,580113.73,731623.15,128083.24,314946.34,266786.56,301303.27,279963.59,728889.51,252169.39,593213.89,55331.82,285503.65,309871.36,151932.7,584634.78,577329.76,195904.36,528270.95,334628.67,438791.86,645687.46,292643.69,622266.16,647616.87,678810.31,348038.82,195880.12
10,219170.57,114107.28,573359.31,185767.45,176150.93,4256.43,171936.52,22903.17,726826.55,706118.46,0.0,506779.34,640864.24,586395.33,421688.09,325029.7,535023.21,9700.56,755177.1,593044.06,164559.62,705285.16,166401.24,703810.85,399444.46,584471.27,451235.38,574068.78,244699.56,11811.22,26817.23,629932.11,340459.84,559673.67,360669.18,9395.96,704053.75,97788.19,82937.53,364933.0,555015.16,35255.56,46717.45,379496.98,33579.13,10337.89,9910.22,624305.77,34890.82,8431.51,77260.43,700477.15,421716.78,494042.25,9129.07,600998.91,324715.88,485325.89,776676.44,154032.32,639461.02,77617.37,534327.93,58526.63,321678.72,656165.13,565975.78,502865.9,7026.79,705604.56,411821.96,467470.51,523843.9,31126.22,90881.93,702937.64,492803.52,543504.75,506172.59,528765.81,29683.7,559899.05,27360.2,820012.38,522082.73,498314.43,666508.44,28670.7,4351.85,627045.42,306741.88,605475.99,376913.84,8876.31,522441.96,193989.4,7054.36,3002.55,506814.55,613454.92
11,297121.57,359648.68,28859.91,331881.32,335569.76,503853.33,337340.97,472220.08,279774.23,303779.39,506779.34,0.0,116717.48,98521.93,205295.01,180016.45,16754.57,504770.72,258354.03,65951.21,294732.29,307251.23,284033.89,302509.54,83532.88,58448.22,41912.5,54960.21,265567.26,513570.67,457729.28,107343.33,207691.21,43231.11,208650.17,500981.72,223705.39,372523.48,396096.18,125393.91,237284.38,440809.15,415727.52,146330.32,461682.68,488245.63,490283.87,73085.79,461612.05,518445.89,397837.73,301043.03,63486.51,202213.87,497023.91,86686.33,181770.88,42840.87,240065.69,315174.33,119176.76,384662.08,16389.34,401986.44,186192.25,132318.09,31778.61,17473.07,497963.53,254768.3,117316.34,37680.46,14468.08,455394.73,435283.94,145542.31,12395.95,19837.03,12641.58,15598.24,468987.32,27775.22,465422.5,265274.7,12335.33,11957.42,153685.09,463233.5,494763.37,104274.03,214909.62,185058.82,120163.46,507171.1,43880.88,324354.39,512160.02,504224.08,139205.18,67503.03
12,434207.15,493501.35,57636.46,465059.7,471838.98,637621.57,471220.02,606339.37,122798.49,168492.13,640864.24,116717.48,0.0,93348.01,296649.02,318475.18,83701.53,638420.14,118806.12,37325.13,427301.36,176339.31,416796.35,169517.52,241328.99,43438.84,177759.97,47329.34,408650.13,647391.45,591389.94,21610.44,279643.2,72840.38,282455.37,634660.59,101113.95,505457.57,529638.85,277709.09,215506.65,574523.23,548997.17,259122.63,595548.48,622412.38,624165.65,29187.82,595717.46,652328.37,531801.23,170524.61,214702.03,281918.09,630940.83,65375.57,321510.96,122927.92,72529.28,447648.44,19666.95,517216.86,90989.4,534490.26,322311.88,13354.15,62009.93,134485.92,632048.47,153197.81,213147.08,166377.45,85739.83,589129.4,569160.75,47859.46,139620.07,78889.77,129866.57,83231.0,603350.35,65790.98,599351.42,82165.57,101642.41,136596.05,36424.99,597053.69,628655.82,42915.88,317808.94,217602.34,266523.16,641154.42,83735.17,457768.68,645938.3,638895.88,157071.42,39790.31
13,295160.84,446202.58,63617.61,348867.62,336527.24,586395.39,389108.57,547798.99,173168.08,258055.14,586395.33,98521.93,93348.01,0.0,280091.35,251089.73,88712.7,587177.31,132916.33,110669.35,380013.68,259345.23,367832.24,259098.31,182648.82,107151.52,134986.88,117435.69,255307.02,591823.17,540741.79,98127.48,104260.86,51482.35,130911.78,582389.81,120074.46,458635.44,476677.15,219943.96,107135.72,523580.72,500583.93,158304.84,543437.48,566688.57,572144.05,81973.22,540609.37,598838.45,480867.94,252357.56,165003.19,276706.43,578519.26,11547.12,253225.95,83902.11,260980.04,402933.22,76201.68,470913.49,92014.27,488259.04,254465.79,143152.04,96831.65,103731.42,578996.0,101962.64,100215.23,120607.54,87639.91,537354.96,464403.03,133417.17,110870.67,96011.18,105388.81,87083.37,545515.59,87952.81,545110.28,204741.35,96204.51,111054.72,117640.03,543743.33,571941.03,44693.95,148103.32,207802.89,203106.31,586730.89,54593.51,338514.83,593975.63,583441.05,37588.92,86100.87
14,293213.61,298608.78,231736.17,302698.74,262078.47,417109.67,285659.05,399223.89,475829.43,478115.98,421688.09,205295.01,296649.02,280091.35,0.0,174050.8,216325.44,419214.04,451072.3,237751.4,259663.58,486614.84,255610.59,479432.17,145320.58,242385.91,142394.43,244835.77,277223.03,434564.05,379510.11,295693.51,259879.95,257944.55,235665.19,418719.23,407978.87,311272.7,336050.79,142558.69,342882.87,367731.24,341813.3,35641.5,381907.12,411309.47,408862.37,250717.63,387257.14,433669.58,333428.36,481117.26,145492.1,12196.87,415711.51,267558.38,169627.7,166577.07,293946.97,262342.91,303405.49,317184.51,193168.71,327328.19,183047.5,294455.13,223130.4,216982.32,416628.42,401577.68,219062.26,151526.79,222738.84,380299.93,377415.97,169111.09,204202.69,214884.35,215494.5,223486.13,395157.05,225560.76,393083.87,300931.96,205098.98,216095.16,317163.47,389520.08,421624.67,278284.93,264736.04,63655.68,161843.45,426989.64,241835.91,296956.17,425349.73,418971.84,253493.38,237573.19
15,118474.38,181202.66,248706.52,138823.93,134159.43,322326.17,144583.02,291186.48,456336.3,482997.87,325029.7,180016.45,318475.18,251089.73,174050.8,0.0,211166.75,323440.48,439825.05,269494.4,118850.92,486548.55,108408.63,481734.61,42950.76,261755.72,89563.48,253250.06,102746.58,332053.81,276804.8,308635.07,118237.45,240073.41,122255.81,319649.88,391804.97,193700.01,216029.87,29968.79,283395.51,260385.36,235925.61,109528.52,280149.76,306690.41,309117.53,303615.91,280272.88,336693.47,217434.41,479992.38,62495.26,219513.23,315763.12,268829.36,6271.09,133924.43,447936.56,136997.91,319345.85,205660.23,192035.71,222851.04,5645.71,333240.15,240440.96,178483.92,316637.66,383017.43,96427.41,105982.55,200328.11,274426.06,247884.58,334164.88,164967.33,217914.77,182986.82,204513.55,287828.81,233525.78,284304.91,493578.57,189642.65,174952.17,344462.53,282009.08,313578.78,305439.05,103037.32,282637.89,28578.6,325695.47,199845.73,132744.24,330528.05,322540.5,194707.58,290548.39
16,336078.62,387123.64,16948.88,364046.95,370677.29,531413.79,366679.43,502023.35,265004.49,273807.66,535023.21,16754.57,83701.53,88712.7,216325.44,211166.75,0.0,532320.92,252656.1,39961.91,322392.65,276668.31,312273.1,272356.4,117958.37,34154.04,59935.43,33604.8,312355.4,542074.62,485434.68,67818.21,260588.57,42609.03,252796.58,528837.82,215584.99,400090.44,424445.25,155366.73,255112.48,468718.03,442895.92,177147.79,489733.99,516982.97,518118.66,37590.58,490693.67,546406.09,426107.73,270932.29,87684.42,210230.04,525035.35,69219.12,214564.4,64240.47,200436.04,342348.27,89601.72,412064.93,15635.57,428667.76,220131.91,95350.18,13310.2,32617.48,525999.76,252473.5,156795.8,56848.13,8092.85,483459.82,467832.08,106646.41,30130.6,4570.03,26175.67,8900.04,498795.11,10145.23,493915.48,218119.43,17177.71,26491.21,134750.27,491591.27,523957.69,83736.08,273683.35,173648.54,152238.36,535426.14,51708.27,357427.28,539831.54,532964.37,152726.06,32488.72
17,224001.54,109744.16,570880.15,191685.44,181247.45,4428.17,173455.53,41533.42,727352.1,643594.96,9700.56,504770.72,638420.14,587177.31,419214.04,323440.48,532320.92,0.0,755903.01,590438.08,160122.14,639808.97,160860.71,640518.53,396413.46,581917.52,448514.82,571620.07,249860.0,16893.34,24231.24,628183.76,347791.67,557596.76,371165.1,3166.75,706598.72,94769.03,80025.83,361434.26,563662.95,31686.0,41410.62,380346.61,38977.56,27516.69,4029.39,622039.27,41803.46,8124.3,76213.27,636303.32,418559.89,487446.46,2717.13,600002.75,323025.51,484785.72,772753.93,150733.95,637237.06,74476.26,531590.01,55503.27,320117.45,653268.5,563022.51,500346.18,4772.61,706966.98,414367.19,464567.46,521391.68,29533.63,110264.37,699897.63,490894.49,540726.04,503723.08,526329.51,47841.54,557011.03,27662.87,817297.68,520178.93,495801.83,665933.67,30451.88,15136.02,625081.87,313601.53,595935.99,373383.38,7501.44,522572.04,199681.11,3153.47,11363.33,510855.49,610702.22
18,525415.23,614514.96,201635.05,568240.37,568775.99,755007.22,585145.36,717124.91,39584.71,125466.53,755177.1,258354.03,118806.12,132916.33,451072.3,439825.05,252656.1,755903.01,0.0,209512.6,548260.77,131825.09,536660.01,132500.23,371681.44,213087.57,323167.78,217834.38,488171.8,760709.2,709355.99,138737.33,290680.2,197347.25,334177.8,751277.26,7768.93,626260.29,646235.93,418378.78,181678.52,692377.79,669208.99,338596.86,711926.59,735533.87,740925.45,148958.29,709441.34,767640.24,649406.26,124373.31,348296.33,422623.06,747261.49,134124.71,441736.95,223941.54,188475.13,570714.28,108927.95,639231.99,238802.41,656816.14,441242.4,164025.29,222274.77,268253.06,747819.53,95434.46,302694.13,311275.85,248033.53,706318.3,674143.13,119289.11,260858.24,248893.0,262017.91,244718.43,714681.66,231823.6,714021.39,93470.12,235876.54,277545.14,57244.0,712585.95,740768.98,123171.44,377109.22,330990.64,401663.19,755746.22,188056.67,559268.87,762686.58,751925.79,174134.19,177852.82
19,398110.67,447190.03,40864.32,426526.42,432590.55,589585.06,428556.59,561595.98,213484.58,213658.04,593044.06,65951.21,37325.13,110669.35,237751.4,269494.4,39961.91,590438.08,209512.6,0.0,382517.88,216670.41,372552.2,212863.6,181841.32,7014.04,115075.6,7579.16,374637.63,600351.29,543989.63,31444.35,317078.8,71639.78,314065.75,586996.08,179441.76,459046.93,483945.51,215850.71,271259.37,527644.38,501828.79,191017.19,548286.42,575744.01,576508.22,18256.89,549655.0,604440.61,485458.75,211180.94,151009.57,223453.93,583289.74,78491.32,272704.93,108528.24,144199.5,401867.78,43883.69,470560.55,48377.0,487386.12,282846.42,48650.77,21001.7,89888.47,584435.11,213981.04,224917.2,110324.08,37696.21,542113.27,529796.24,55990.53,86054.64,35067.85,84946.09,38877.92,558420.5,24486.71,552729.67,149048.98,55779.02,86147.52,89289.41,550201.86,582754.04,59247.8,331618.68,188423.61,215165.86,593686.03,85115.8,420072.22,597866.22,591185.25,192344.92,14815.51
20,72362.34,36487.03,359062.52,59008.6,50835.07,160809.62,35691.99,146401.98,539789.2,479882.9,164559.62,294732.29,427301.36,380013.68,259663.58,118850.92,322392.65,160122.14,548260.77,382517.88,0.0,475674.74,2323.88,477042.55,183921.83,374374.97,239272.4,364964.45,87925.42,163304.24,122419.43,418335.0,182797.88,346201.92,203737.59,154911.7,502471.09,47845.04,69539.31,151770.99,389453.63,107256.24,83936.39,207037.58,122992.76,152129.87,145704.67,411196.34,120840.32,164198.36,69425.81,472523.28,208510.22,315830.18,149172.7,390293.55,117183.87,279832.2,562925.63,7207.39,427432.46,57590.74,321069.81,70801.35,115197.46,443794.32,352145.63,289300.35,148716.67,506706.82,215629.69,253854.9,311826.91,118125.69,123815.49,485897.37,281434.23,330464.08,293433.48,316495.71,143432.98,345874.35,122828.85,604691.55,311705.18,285375.04,458958.05,121597.46,150088.96,414603.05,149733.8,397553.97,157274.54,155250.71,314506.34,58555.47,164855.39,161034.68,316263.62,400669.9
21,601672.09,550117.79,240995.09,631342.41,639097.17,649418.14,638449.54,709166.27,66500.71,8866.27,705285.16,307251.23,176339.31,259345.23,486614.84,486548.55,276668.31,639808.97,131825.09,216670.41,475674.74,0.0,433815.62,8468.97,414340.16,225265.51,366593.92,233731.95,576796.7,663822.23,587544.92,181424.94,508303.17,257451.82,494017.42,649813.59,171593.78,543429.48,541339.74,454573.85,387272.98,544697.89,541355.55,473954.36,601180.71,715708.19,620134.94,188554.9,572678.22,624283.31,517338.93,3447.88,394414.06,446850.16,613357.09,231383.41,493183.48,331448.0,111903.08,516897.43,174514.39,517325.4,277041.12,532649.01,492849.7,167117.75,248461.43,308557.42,618822.65,238075.03,410607.7,350281.06,288600.54,575105.79,734460.2,133975.75,318215.33,270054.68,303564.65,283895.71,730196.6,255884.77,588482.63,67632.08,288889.9,312917.27,157992.38,579647.6,570480.08,198869.62,530933.78,337703.12,441608.55,642070.69,295453.66,624924.54,643764.79,676820.07,349591.98,197168.97
22,63526.08,39999.58,348467.4,51744.6,48510.06,161715.81,32645.16,148371.26,528240.6,440274.79,166401.24,284033.89,416796.35,367832.24,255610.59,108408.63,312273.1,160860.71,536660.01,372552.2,2323.88,433815.62,0.0,436894.47,175111.52,364326.89,229372.81,354981.68,77764.7,164517.61,123612.69,407415.14,171796.97,335296.49,192033.37,156010.6,490304.38,51973.03,72060.48,143838.82,377901.65,108782.62,88140.69,200139.86,123735.63,154355.25,146391.0,400380.47,119824.79,163193.58,72503.13,431520.02,198633.01,313222.12,149017.3,379008.09,105972.59,269075.55,553510.01,7480.25,417064.86,62198.55,310899.77,75832.87,104022.13,433541.64,342150.34,278722.19,149007.61,494906.64,203253.47,243918.57,301326.57,118522.77,124448.96,476708.87,270570.23,320280.46,282871.39,306067.94,145661.66,335681.22,122989.15,594168.99,301250.87,274916.43,448164.6,121460.97,146163.16,403715.16,138739.94,394543.72,149687.75,156269.01,303065.51,52603.49,165615.92,162429.29,303760.26,390183.93
23,597432.66,550242.66,237623.93,626966.67,634424.84,649811.89,633898.86,706826.4,68570.46,3260.6,703810.85,302509.54,169517.52,259098.31,479432.17,481734.61,272356.4,640518.53,132500.23,212863.6,477042.55,8468.97,436894.47,0.0,409888.68,221026.9,361734.92,229009.28,572524.58,663954.62,588893.18,177752.42,503877.32,255158.16,490060.05,650069.57,168946.78,544165.67,542913.56,449915.64,383351.59,547345.23,543640.9,466481.06,601963.96,713477.62,621163.77,186615.16,574497.63,625717.72,519763.49,5725.67,389979.79,441198.8,614773.3,230757.53,488343.88,326572.84,108690.65,516744.49,170413.11,519447.76,273097.47,534927.74,488217.44,160129.57,244429.98,304700.05,620070.22,239571.06,407120.57,345990.56,283547.08,576814.23,729907.03,129641.65,313650.73,265566.32,299568.88,279238.07,727002.77,251648.4,589922.42,60044.29,284160.54,308555.22,151198.83,581363.52,573362.28,197490.23,526162.42,336464.4,437756.08,642688.38,291188.17,620417.02,644523.66,676093.48,346962.77,195477.64
24,184962.44,252102.72,148593.02,221255.53,219295.83,395763.29,234392.74,367331.21,388645.01,411358.54,399444.46,83532.88,241328.99,182648.82,145320.58,42950.76,117958.37,396413.46,371681.44,181841.32,183921.83,414340.16,175111.52,409888.68,0.0,178329.52,25078.47,172907.81,160773.8,406382.07,349393.93,236776.72,152427.26,147577.95,155514.06,392725.79,331931.96,263835.52,288759.27,17805.95,275754.17,332636.0,306880.78,99188.29,354181.62,381691.73,382237.09,206153.94,354947.3,410760.63,290275.1,408244.66,11762.0,175182.42,389006.61,186842.92,38979.57,96033.52,357424.75,203994.82,244286.8,275000.08,100900.92,292418.7,55880.51,254307.49,145143.86,85730.36,390321.84,343507.25,78710.2,48275.05,112970.77,347336.36,334259.29,241730.74,71198.12,121238.06,88919.47,119145.39,364091.86,141733.35,358153.24,394704.04,116036.52,88000.16,272156.22,355680.03,388085.13,214416.97,144675.72,213128.5,23684.33,399596.09,137720.01,212163.9,404140.95,397723.12,181111.6,192510.17
25,389199.81,438558.57,36124.96,417365.49,423781.48,580956.72,419563.03,552531.85,220465.58,221181.29,584471.27,58448.22,43438.84,107151.52,242385.91,261755.72,34154.04,581917.52,213087.57,7014.04,374374.97,225265.51,364326.89,221026.9,178329.52,0.0,112319.29,4435.43,365554.15,591801.07,535625.56,34426.18,306412.96,68478.0,305055.44,578503.8,183607.62,451322.97,475399.76,214224.09,272329.95,519268.17,493520.79,189969.54,539676.39,566970.28,568032.03,17825.9,540995.42,595731.5,477136.48,219653.47,147489.91,226667.04,574851.65,74894.24,264968.4,103691.79,146381.7,393699.12,47894.11,462646.83,45115.4,479054.03,274465.56,60508.31,20746.45,83640.04,575809.51,218708.55,211919.06,108502.24,32588.2,533602.12,520377.71,61371.52,78457.35,30993.49,75732.99,34601.63,549329.37,21126.14,544246.09,148427.18,50840.91,81176.85,94558.1,541747.7,574248.0,58442.79,320106.06,179576.81,212656.67,585063.83,80830.13,410850.45,589194.18,582361.24,190809.48,13006.19
26,246878.58,303345.74,77054.8,278399.44,278145.72,447550.12,282557.64,418281.6,348395.68,362698.34,451235.38,41912.5,177759.97,134986.88,142394.43,89563.48,59935.43,448514.82,323167.78,115075.6,239272.4,366593.92,229372.81,361734.92,25078.47,112319.29,0.0,108880.25,224494.76,458973.31,401525.06,172219.15,201685.98,92875.66,198618.39,445273.3,280746.06,316620.43,341007.3,52892.58,260354.78,385073.91,358563.06,92323.47,405868.94,433608.82,434429.04,129675.55,407337.58,462772.18,342467.48,360537.62,8299.75,156610.71,441518.0,132583.58,87086.03,60847.4,284977.44,258155.52,180923.49,328225.66,45217.04,344230.7,106496.54,190751.58,78956.8,41982.06,442421.38,299138.25,109015.88,20315.21,61591.56,399844.4,384089.96,173920.3,34017.68,60235.27,43133.56,64654.06,414980.85,77835.91,410638.27,314725.67,56284.61,44718.15,207930.81,408222.51,440932.43,155932.93,202540.95,171962.38,64681.36,452032.38,86715.37,271190.2,455980.13,449102.08,160308.42,117768.5
27,379647.96,428649.82,42624.85,407313.77,413591.68,570686.83,410147.01,542122.43,225677.08,229072.9,574068.78,54960.21,47329.34,117435.69,244835.77,253250.06,33604.8,571620.07,217834.38,7579.16,364964.45,233731.95,354981.68,229009.28,172907.81,4435.43,108880.25,0.0,355916.07,581278.38,525345.3,39284.92,294053.59,77316.53,292893.85,568188.98,188378.12,441474.3,465404.01,211477.81,273396.31,508960.66,483451.12,189780.74,529334.35,556536.65,557590.48,25602.9,530422.92,585229.47,466801.28,228224.93,141861.53,227554.25,564419.24,84300.77,256628.96,98471.35,139945.36,384324.4,53956.32,453200.9,42016.47,469411.91,264553.5,59635.24,20296.49,78939.71,565269.61,230809.46,198873.87,106907.14,33603.05,523406.38,510186.24,58467.71,72316.59,30453.61,69885.87,37159.72,538829.16,23904.54,533822.92,146157.46,47108.74,74789.93,100427.3,531453.34,563656.21,65790.42,306655.22,179744.07,208623.17,574586.88,78674.58,400767.55,578922.52,571834.67,192186.2,18347.14
28,12129.58,131966.97,341839.68,26944.09,17825.61,248063.94,47166.05,195013.7,536338.23,574419.82,244699.56,265567.26,408650.13,255307.02,277223.03,102746.58,312355.4,249860.0,488171.8,374637.63,87925.42,576796.7,77764.7,572524.58,160773.8,365554.15,224494.76,355916.07,0.0,250885.52,206697.24,398417.26,67701.43,298482.08,78652.31,244950.88,443688.81,142844.15,147758.74,163151.51,259876.42,192089.7,174221.07,190220.47,203508.15,225452.8,235469.3,394001.46,200966.88,258139.19,152478.39,569748.3,188305.53,346748.14,241208.32,286636.84,92805.31,238817.75,559477.22,102871.57,409243.21,153523.76,309522.38,166921.04,81572.85,426515.16,342547.68,276947.89,240698.78,361630.19,114244.66,246405.08,298665.67,202982.72,112372.61,469803.72,265488.75,320690.71,280607.78,303760.04,192402.23,336019.73,207409.69,588187.94,289976.02,273627.26,429138.55,206875.66,231320.39,344937.19,40659.15,436005.96,139591.29,247244.8,275220.38,24808.84,254675.66,241774.47,171864.73,391187.3
29,224852.12,118761.47,579843.35,192039.27,183030.4,12315.21,178917.62,30264.18,730106.35,666774.37,11811.22,513570.67,647391.45,591823.17,434564.05,332053.81,542074.62,16893.34,760709.2,600351.29,163304.24,663822.23,164517.61,663954.62,406382.07,591801.07,458973.31,581278.38,250885.52,0.0,38901.54,636191.71,346621.8,565155.24,369255.73,17372.39,710501.43,104621.45,87472.5,372971.02,560941.05,47614.56,59777.43,390391.22,39309.61,20151.49,20442.15,630185.75,39237.78,6076.4,82830.2,659781.13,428481.7,507468.05,17850.97,606119.02,331566.2,492747.46,784074.65,153905.33,646052.91,84048.01,540706.74,66185.24,328138.96,662771.14,572950.62,509307.67,14961.72,709567.29,417934.63,475072.57,530722.42,41904.53,101169.99,709083.05,499612.45,550675.73,512586.73,535763.77,39988.36,566986.14,36580.43,826319.32,529307.33,505053.92,673650.3,37639.3,9594.47,632815.12,313253.47,616872.93,384247.88,6350.28,529419.41,200351.1,10080.82,13916.47,512332.24,619636.42
30,181332.21,65159.53,523740.26,149924.62,139414.64,21607.7,129112.12,29241.96,684972.54,592194.28,26817.23,457729.28,591389.94,540741.79,379510.11,276804.8,485434.68,24231.24,709355.99,543989.63,122419.43,587544.92,123612.69,588893.18,349393.93,535625.56,401525.06,525345.3,206697.24,38901.54,0.0,581263.65,306263.48,510531.5,329862.69,22529.84,660512.69,54128.75,36309.31,314592.1,522533.14,3756.78,10387.77,337687.51,12144.51,22603.82,15099.79,575051.35,15558.05,37069.06,35789.39,584413.19,371463.45,446565.97,19887.94,553217.43,275926.72,438610.01,725893.46,112020.86,590561.9,35408.87,484679.09,20489.51,273353.67,606311.96,515993.41,453297.75,19961.71,661920.86,368830.55,417578.9,474504.52,2891.63,85103.06,652674.85,443954.6,493801.31,456797.76,479379.23,29689.29,509979.28,9580.59,770047.74,473519.89,448835.56,619573.44,8894.34,30139.81,578294.64,271448.37,550340.99,326352.33,29990.12,475801.15,157598.7,29005.5,24108.47,466190.21,563909.06
31,422640.89,484079.87,42786.39,452809.53,460679.98,627358.15,460421.81,594610.88,142903.26,180608.36,629932.11,107343.33,21610.44,98127.48,295693.51,308635.07,67818.21,628183.76,138737.33,31444.35,418335.0,181424.94,407415.14,177752.42,236776.72,34426.18,172219.15,39284.92,398417.26,636191.71,581263.65,0.0,291044.12,64872.21,291627.26,624208.28,120912.39,496739.05,519249.88,276838.28,231941.86,564382.13,539324.31,265702.43,584966.35,610942.31,613670.59,12697.97,584498.33,641342.94,521644.43,175457.12,211496.03,276723.91,620394.93,66601.01,311381.62,123780.54,148646.89,439157.69,23920.13,508684.42,79320.4,525550.22,312159.43,43427.42,44156.43,126751.76,621198.6,170556.67,215178.62,159712.06,74631.46,578841.81,556692.18,56088.92,132747.25,62562.37,121587.22,71949.0,591694.49,48322.3,588376.5,155894.56,93769.03,129429.5,57300.28,586427.41,617127.56,50994.64,324511.34,205947.77,263568.54,630018.63,83459.39,445810.34,635482.9,627197.37,166510.51,20994.51
32,88005.21,231452.03,238231.09,115994.49,103474.26,345776.17,143085.92,290514.32,376365.42,506301.33,340459.84,207691.21,279643.2,104260.86,259879.95,118237.45,260588.57,347791.67,290680.2,317078.8,182797.88,508303.17,171796.97,503877.32,152427.26,306412.96,201685.98,294053.59,67701.43,346621.8,306263.48,291044.12,0.0,193782.1,24082.83,342826.19,272305.46,243125.78,248564.09,166482.18,98152.43,292165.17,274730.92,166480.57,300714.15,321617.81,333878.79,283084.65,298261.3,354116.88,253328.55,500656.35,173926.71,328004.15,339346.37,140954.65,115108.93,197123.72,502470.18,198081.34,272281.49,253534.47,231864.58,266706.22,105211.76,312343.46,287421.1,216600.14,338402.34,133224.0,73707.66,204937.52,241329.84,302257.15,199228.42,326985.12,214540.08,266711.85,220904.21,248564.15,288275.56,279998.06,305565.41,448565.01,238179.67,218439.37,299162.26,305567.28,326720.56,195929.38,26990.89,410355.23,144567.01,344116.49,188790.95,112373.22,351833.91,337113.41,29585.01,296467.45
33,336202.14,413102.57,16843.15,379857.69,380819.07,556871.79,389216.86,523727.23,218001.9,256666.87,559673.67,43231.11,72840.38,51482.35,257944.55,240073.41,42609.03,557596.76,197347.25,71639.78,346201.92,257451.82,335296.49,255158.16,147577.95,68478.0,92875.66,77316.53,298482.08,565155.24,510531.5,64872.21,193782.1,0.0,192237.43,553492.92,174939.21,425199.78,447704.24,188083.17,189133.84,493382.31,468690.65,179241.05,514380.54,540187.38,542919.74,48143.21,513710.1,570951.87,450573.75,251224.18,125109.84,253910.8,549647.5,42958.56,242170.41,41062.8,239981.36,368274.85,66363.65,437874.55,34464.87,455182.0,241706.76,112940.42,51789.53,47608.65,550524.96,189262.65,110069.78,78568.45,40746.92,507939.03,485993.2,126717.41,52533.06,48157.75,47523.74,38790.46,520917.2,42878.58,517307.75,238785.27,37265.53,51997.95,122748.79,515320.94,546154.19,59157.67,212319.05,205640.34,173174.31,559325.76,14096.74,370665.9,565057.36,556973.26,95590.02,51195.64
34,101286.63,253756.45,232814.94,132755.02,117058.16,369644.35,164523.95,299361.83,406738.03,493077.22,360669.18,208650.17,282455.37,130911.78,235665.19,122255.81,252796.58,371165.1,334177.8,314065.75,203737.59,494017.42,192033.37,490060.05,155514.06,305055.44,198618.39,292893.85,78652.31,369255.73,329862.69,291627.26,24082.83,192237.43,0.0,365845.62,304721.53,266794.4,271741.99,160890.82,156401.68,315440.83,298491.84,142434.78,321553.39,341093.15,356953.03,282424.94,320069.74,376506.25,276240.26,486522.42,173445.91,296689.63,362259.86,158857.52,122542.22,191173.04,495100.42,221865.84,277028.1,277346.48,226043.74,291064.12,117813.17,316081.81,281945.16,211843.46,361272.76,217572.11,82087.35,202237.64,239150.4,325609.59,202343.06,342413.27,212225.35,259867.67,216622.1,246798.25,296979.35,275558.91,328298.24,477652.14,238980.38,215765.61,310935.55,328715.18,347702.86,208654.48,27214.35,393612.36,154757.43,366728.83,187472.89,128097.86,375438.11,357440.45,64118.66,293224.86
35,218971.34,107185.47,567068.55,186671.73,176649.2,4781.79,169459.56,37231.77,722246.9,652865.67,9395.96,500981.72,634660.59,582389.81,418719.23,319649.88,528837.82,3166.75,751277.26,586996.08,154911.7,649813.59,156010.6,650069.57,392725.79,578503.8,445273.3,568188.98,244950.88,17372.39,22529.84,624208.28,342826.19,553492.92,365845.62,0.0,701975.02,92272.47,76934.08,358261.23,558450.46,31255.85,41089.03,378221.07,34189.61,22703.24,3480.68,618087.88,36419.77,11116.41,72473.99,646033.95,415016.24,487934.95,1558.04,595500.27,319143.5,481311.47,769385.64,145352.78,633560.9,72045.99,527922.52,53294.59,316197.19,649606.1,559546.12,496572.68,2138.62,701978.47,409441.65,461213.01,517779.95,27079.92,106317.51,696065.46,487126.25,537274.79,500011.01,522708.01,43430.22,553490.16,23920.16,813481.38,516695.14,492118.07,662296.79,26639.98,16616.44,620990.49,308625.25,596562.99,370132.32,8230.98,518522.18,194739.52,5169.12,11787.66,505785.27,606793.54
36,478072.56,567347.02,170041.09,517554.25,519985.95,705379.8,534151.11,665161.61,58291.46,165180.83,704053.75,223705.39,101113.95,120074.46,407978.87,391804.97,215584.99,706598.72,7768.93,179441.76,502471.09,171593.78,490304.38,168946.78,331931.96,183607.62,280746.06,188378.12,443688.81,710501.43,660512.69,120912.39,272305.46,174939.21,304721.53,701975.02,0.0,580083.01,597702.83,375094.68,174684.16,644000.04,620964.28,303867.82,661782.87,684958.67,691726.59,133308.72,659213.03,717302.03,601429.66,163337.0,310603.66,384136.7,698027.18,121958.68,392948.78,188968.88,210162.96,523868.88,92093.77,592352.65,200273.23,609050.81,392776.56,153876.41,198392.2,232878.34,698136.28,91875.66,268770.15,267002.16,210556.29,657442.07,620199.09,116443.7,220732.42,211109.23,226046.66,206268.91,662915.24,202171.09,664540.79,117982.12,198862.22,239823.47,61035.88,663391.83,690495.11,103644.3,343789.45,327122.4,360878.07,705740.97,158436.89,509224.07,712658.8,700967.95,160084.95,163798.95
37,121260.95,8356.4,437750.4,98099.29,87802.47,93123.55,67734.01,82655.12,611018.55,547031.27,97788.19,372523.48,505457.57,458635.44,311272.7,193700.01,400090.44,94769.03,626260.29,459046.93,47845.04,543429.48,51973.03,544165.67,263835.52,451322.97,316620.43,441474.3,142844.15,104621.45,54128.75,496739.05,243125.78,425199.78,266794.4,92272.47,580083.01,0.0,22312.25,228500.5,456886.19,45053.23,23425.88,265841.71,57132.22,86266.69,83080.24,489923.55,62721.48,107232.51,16032.82,540069.75,285558.51,370330.69,89330.51,469193.99,192865.46,356736.16,638855.59,43558.92,505334.52,4822.3,398844.67,12614.07,191157.35,520578.19,429762.7,367566.83,90492.99,583028.42,290745.17,331150.31,389530.25,54826.73,90379.46,566629.05,359414.02,408309.14,371630.92,394017.55,78645.56,423636.69,67446.69,683926.85,389313.47,363427.18,536513.33,63473.77,95758.15,492687.34,207790.4,461292.75,238827.85,97327.06,392680.64,102170.1,101378.52,95671.61,390735.99,478208.02
38,123327.6,28512.77,461800.2,94838.04,87068.43,78422.42,70193.07,63264.79,627073.62,545990.75,82937.53,396096.18,529638.85,476677.15,336050.79,216029.87,424445.25,80025.83,646235.93,483945.51,69539.31,541339.74,72060.48,542913.56,288759.27,475399.76,341007.3,465404.01,147758.74,87472.5,36309.31,519249.88,248564.09,447704.24,271741.99,76934.08,597702.83,22312.25,0.0,255091.83,463526.72,26503.89,14937.44,286532.53,39184.1,69242.79,67104.68,512760.9,45362.0,91499.02,8027.1,538185.76,310545.38,402933.97,73886.28,489808.78,214384.21,377754.61,666198.32,61859.37,529090.6,19249.44,423216.52,14815.1,211448.0,545509.48,454960.35,391509.62,75202.05,599239.59,306009.84,356858.2,413362.22,35993.2,67196.71,590815.51,382425.32,432803.15,395079.35,418328.7,59179.56,448835.13,48643.09,707674.26,412523.06,387383.25,558381.98,44534.79,77980.0,515945.86,214009.09,499992.48,265450.36,81156.8,413348.76,101354.97,87269.96,81218.21,403817.55,502506.63
39,183343.99,216289.11,181319.3,205652.24,192082.45,360514.95,199602.4,334830.29,432627.97,450640.47,364933.0,125393.91,277709.09,219943.96,142558.69,29968.79,155366.73,361434.26,418378.78,215850.71,151770.99,454573.85,143838.82,449915.64,17805.95,214224.09,52892.58,211477.81,163151.51,372971.02,314592.1,276838.28,166482.18,188083.17,160890.82,358261.23,375094.68,228500.5,255091.83,0.0,301571.58,298031.97,271729.85,90893.3,319663.76,348125.72,347610.18,235855.45,321957.2,376571.09,255966.56,448463.13,35311.88,174399.68,354541.73,224343.65,27341.13,118262.63,384309.8,168249.84,279311.21,239635.83,133813.66,256791.29,40740.93,293228.45,179997.51,124592.62,355956.2,391370.55,114023.06,65630.87,154393.26,312844.0,304870.26,257805.92,111355.97,158465.25,128292.06,158304.13,331284.8,177974.79,324668.71,416263.82,155482.59,128539.53,308847.41,321661.57,355751.79,250761.42,156856.06,221150.43,11174.72,365817.01,177411.87,199800.49,369205.83,363057.93,208913.54,222437.35
40,286330.79,443473.15,215463.68,323231.44,309194.55,562042.7,356069.55,507023.44,257359.93,380111.79,555015.16,237284.38,215506.65,107135.72,342882.87,283395.51,255112.48,563662.95,181678.52,271259.37,389453.63,387272.98,377901.65,383351.59,275754.17,272329.95,260354.78,273396.31,259876.42,560941.05,522533.14,231941.86,98152.43,189133.84,156401.68,558450.46,174684.16,456886.19,463526.72,301571.58,0.0,507645.73,490041.87,226721.42,516301.41,536848.59,549297.23,227012.63,513859.88,568386.21,468056.36,378364.71,275567.34,370387.72,554723.8,128204.5,286451.22,198928.41,397307.85,409398.56,205979.32,469370.67,229359.44,482405.5,283899.44,259297.68,261250.75,239079.32,553229.45,23662.72,189247.48,242132.97,244570.82,518128.17,409305.79,254003.83,231379.16,257743.91,238522.67,247531.41,505278.97,257138.13,520739.31,316522.38,238580.07,243863.63,224418.43,521368.78,540967.1,149223.41,181557.95,379773.34,292029.04,558592.05,179806.5,317373.07,568079.21,551303.3,82785.58,241761.23
